chr	orientation	n_before	n_kept	n_outliers	spearman_before	spearman_after
1	increasing	33	19	14	0.5594919786096257	1.0
2	increasing	25	21	4	0.9823076923076923	1.0
3	decreasing	52	37	15	-0.9596175189959872	-0.9999999999999999
4	increasing	39	17	22	0.3781376518218623	1.0
5	increasing	36	25	11	0.9891891891891892	1.0
6	decreasing	32	24	8	-0.9648093841642228	-0.9999999999999999
7	decreasing	39	22	17	-0.9246963562753037	-1.0
8	increasing	55	37	18	0.946897546897547	0.9999999999999999
9	decreasing	26	20	6	-0.9958974358974357	-1.0
